,f_aspect,f_sweep,f_taper,f_twist,a_aspect,a_sweep,a_taper,a_twist,a_x_loc,a_S_rel,v_aspect,v_S_rel,scheme_fuse,scheme_vertical,a_dihedral_mag,S_ref,V,H,alpha,delta,cx,cy,mz_ref,mx_beta,my_beta,K
f_aspect,1.0,-0.2636286490867837,0.0019952642839065966,-0.0006665360280557075,-0.3339412700034795,0.06222973549703262,-0.0003425212598233516,0.0005350015490794395,-0.0017237629423450856,0.054934822866452605,-0.009517633045292805,-0.020922977481475653,0.014442538134443487,-0.0031609620499751636,-0.04611094469105572,0.21282982006441184,-0.1389751401982242,-0.2685270460315395,0.025712759691948143,-0.035606421872257335,-0.24051869232097667,0.03554782260464153,-0.046662582399112494,0.020846833456042442,0.1193732287196579,0.06619500011290545
f_sweep,-0.2636286490867837,1.0,0.00014015247258179842,-0.0011330687272004206,0.27775954291233873,-0.06757543988793353,-0.002994896547959708,-0.0017452098527824074,0.0026899705335251575,-0.07911423290946104,0.011052454926189274,0.017468137215724357,-0.01395464245746349,0.004661074790521,0.04893655243414418,-0.13667033542733706,0.09385709890679785,0.2293135162872112,-0.021963438924761363,0.03947262633562468,0.11132168630102916,-0.027502928336778146,0.010419163505101497,-0.08042630764511705,0.02367414056463623,-0.044667015852335644
f_taper,0.0019952642839065966,0.00014015247258179842,1.0,0.0033526305120468586,0.0010761576014445004,-0.003093764976487588,-0.002008259708603791,-0.001186724481487685,0.001066346568960916,0.0005184859947355535,-0.0009555259168193197,0.003127217868496656,9.852675529280709e-07,-4.031701228232402e-06,-4.317339633708053e-05,-7.056981164179856e-05,0.001518083608254243,0.00022715157736537,-0.0022006240179499206,-0.0002607537191933994,0.005709939292050874,-0.0012321927063663116,0.003820705584891143,0.011008303181988272,-0.014072520656380231,-0.0026057072759591996
f_twist,-0.0006665360280557075,-0.0011330687272004206,0.0033526305120468586,1.0,0.0003209085613580115,-0.004276184229699735,-0.003669268670440266,0.0007241331261772964,-0.0027194245644610415,0.0015287078327226034,-0.00046734141411724383,0.002647611346087482,-8.391244498289498e-08,-2.498559986985451e-06,-0.0003665194538366584,0.0004082902161248151,-0.0010325476104867254,0.002342920843678306,-0.00010079267382094394,-0.001564589578255158,0.01429191106374126,0.05717958641386374,-0.017712754079660945,-0.05784453719634889,0.0003430808776827063,0.044614477138829066
a_aspect,-0.3339412700034795,0.27775954291233873,0.0010761576014445004,0.0003209085613580115,1.0,-0.06380913959902325,-0.00044666475887127885,0.0013082314034107464,-0.002030971042843757,-0.07092821753723214,0.012720919000329466,0.020886754497094318,-0.01351614956619352,0.004696815398207005,0.05387876289357267,-0.19872004616363056,0.12755614012241429,0.27839322363155156,-0.02950095641814874,0.046947233488222904,0.16091357855921837,-0.02948137638335543,0.033637185884957975,-0.020136318197092582,0.07721010621663545,-0.05877422798211562
a_sweep,0.06222973549703262,-0.06757543988793353,-0.003093764976487588,-0.004276184229699735,-0.06380913959902325,1.0,-0.0017623860408993793,0.001467778306308681,0.0014083880000727478,0.04002114924662795,-0.006484884128739731,-0.010504875585281166,0.0013641151242310577,-0.0007525519381159337,-0.02272494519471082,0.01636287501155248,-0.004555510618103724,-0.05839306528901315,-0.0015870760415164433,0.005556792854144292,-0.02534443195886495,0.0011004076678631336,-0.028135869096118097,-0.06433763261971259,-0.007073812203865268,0.0010325924476249043
a_taper,-0.0003425212598233516,-0.002994896547959708,-0.002008259708603791,-0.003669268670440266,-0.00044666475887127885,-0.0017623860408993793,1.0,0.003452184794322887,-0.000564388302035838,-0.0004536342952878283,0.00029215816771582364,0.0002918276616180375,1.6774081157956707e-06,-5.24550355416935e-07,0.0005448193424694364,-0.0017820548666261141,0.0030285904918434356,-0.0009398609732655327,-0.00305524277877893,-0.002541693982419437,0.0016044973756937245,-0.0029616426802152244,0.0026289917474085584,0.013282447135899636,-0.00455269444584674,-0.0022443664773440937
a_twist,0.0005350015490794395,-0.0017452098527824074,-0.001186724481487685,0.0007241331261772964,0.0013082314034107464,0.001467778306308681,0.003452184794322887,1.0,-0.0014514023706204207,5.450044651060259e-05,0.0019509280614048211,-0.002449998794916747,3.8480135495603785e-06,-8.082067774553852e-06,-0.0007207631319794365,0.0014212786078203726,-0.00233035607066465,-0.001311171475687037,0.001328989453428356,3.354503767814365e-05,0.014510892870145157,0.05070917203397758,-0.09106899953455573,0.00591793709693739,-0.0010818190664680237,0.025589068339913236
a_x_loc,-0.0017237629423450856,0.0026899705335251575,0.001066346568960916,-0.0027194245644610415,-0.002030971042843757,0.0014083880000727478,-0.000564388302035838,-0.0014514023706204207,1.0,-0.0003579926095104102,-0.0018774714579707916,-0.0011745915659909247,-1.0087562780345073e-06,3.485418276077637e-06,-0.00014384306408446468,-0.0007205192875232765,0.0027483795878138007,0.0013441545117808223,0.001172482004850467,0.0019948293811513497,0.0026678968560344264,0.0016917266564413374,-0.0348227398048488,-0.004288805647963269,-0.2696565029744029,-0.00021223790999925498
a_S_rel,0.054934822866452605,-0.07911423290946104,0.0005184859947355535,0.0015287078327226034,-0.07092821753723214,0.04002114924662795,-0.0004536342952878283,5.450044651060259e-05,-0.0003579926095104102,1.0,-0.020208691253941626,-0.039656124902941924,0.050456456420492624,0.01126286937488008,-0.5602307948402946,-0.01652914860489489,0.1314844351312972,-0.1168891445531692,0.02318000563616941,-0.027896107082322548,0.044050841780383806,0.015736670866920273,-0.14287839636572197,-0.1600266196018233,-0.18368892102368814,-0.003958448374871074
v_aspect,-0.009517633045292805,0.011052454926189274,-0.0009555259168193197,-0.00046734141411724383,0.012720919000329466,-0.006484884128739731,0.00029215816771582364,0.0019509280614048211,-0.0018774714579707916,-0.020208691253941626,1.0,0.005418917995900609,-0.0023285150793235544,-0.0003388816663939099,0.012548332521361734,0.009948636821899262,-0.008281592622656847,0.007052146026730535,-0.0021248318254361406,-0.00036383845671227836,-0.000573945073307055,-0.0022159381997451976,0.0033863045651026337,-0.06044060102387384,-0.08585471005384702,-0.003428195067366591
v_S_rel,-0.020922977481475653,0.017468137215724357,0.003127217868496656,0.002647611346087482,0.020886754497094318,-0.010504875585281166,0.0002918276616180375,-0.002449998794916747,-0.0011745915659909247,-0.039656124902941924,0.005418917995900609,1.0,-0.0046722261704370775,-0.0006769865064155051,0.02557620084097595,0.014868228862661724,-0.014512344092265777,0.01773564901540953,0.004300180973218108,-0.0028257174389934724,0.009145647528104057,0.004206084034187214,0.001034800181891741,-0.1381595781984922,-0.25022879694102146,0.003542718650742702
scheme_fuse,0.014442538134443487,-0.01395464245746349,9.852675529280709e-07,-8.391244498289498e-08,-0.01351614956619352,0.0013641151242310577,1.6774081157956707e-06,3.8480135495603785e-06,-1.0087562780345073e-06,0.050456456420492624,-0.0023285150793235544,-0.0046722261704370775,1.0,-0.024521493655804315,-0.016009781299004298,0.008960805548142171,-0.009151537903481543,-0.020719470142711124,0.00675742459037975,-0.0034422354537928758,-0.044328857646197185,0.007880381529266829,-0.01821175544691448,-0.01285816674906076,-0.05928453561544223,0.012786534438320523
scheme_vertical,-0.0031609620499751636,0.004661074790521,-4.031701228232402e-06,-2.498559986985451e-06,0.004696815398207005,-0.0007525519381159337,-5.24550355416935e-07,-8.082067774553852e-06,3.485418276077637e-06,0.01126286937488008,-0.0003388816663939099,-0.0006769865064155051,-0.024521493655804315,1.0,-0.023354926485526287,-0.0022909562502940804,0.0030434013801908678,0.011465538292700585,5.718454790103181e-06,0.004416394355423459,0.006030699869577489,0.0018027424488662874,0.0016777799151490617,0.19593728696297433,0.0002893294532269904,-0.002580776563377956
a_dihedral_mag,-0.04611094469105572,0.04893655243414418,-4.317339633708053e-05,-0.0003665194538366584,0.05387876289357267,-0.02272494519471082,0.0005448193424694364,-0.0007207631319794365,-0.00014384306408446468,-0.5602307948402946,0.012548332521361734,0.02557620084097595,-0.016009781299004298,-0.023354926485526287,1.0,-0.027859011547273608,-0.03593244188532889,0.09026776778389277,-0.018353891524013406,0.01765111449381145,-0.06843925937168366,-0.014130922063383003,0.0938934325170445,0.21515229005513523,0.0261101096212007,-0.0019804354221455637
S_ref,0.21282982006441184,-0.13667033542733706,-7.056981164179856e-05,0.0004082902161248151,-0.19872004616363056,0.01636287501155248,-0.0017820548666261141,0.0014212786078203726,-0.0007205192875232765,-0.01652914860489489,0.009948636821899262,0.014868228862661724,0.008960805548142171,-0.0022909562502940804,-0.027859011547273608,1.0,-0.35217615871409547,-0.28588164903008745,0.015620879381299907,-0.006636571535990285,-0.3793030432614738,0.02558113956475526,-0.02140736899156228,0.053302688958568725,-0.2722080967834563,0.06538033071048985
V,-0.1389751401982242,0.09385709890679785,0.001518083608254243,-0.0010325476104867254,0.12755614012241429,-0.004555510618103724,0.0030285904918434356,-0.00233035607066465,0.0027483795878138007,0.1314844351312972,-0.008281592622656847,-0.014512344092265777,-0.009151537903481543,0.0030434013801908678,-0.03593244188532889,-0.35217615871409547,1.0,0.2370629642800826,-0.017156824730648116,0.023707968569200245,0.2446259495972719,-0.023777577080562613,0.007798348336343062,-0.04723514622959745,0.00594357383753502,-0.05934146905110849
H,-0.2685270460315395,0.2293135162872112,0.00022715157736537,0.002342920843678306,0.27839322363155156,-0.05839306528901315,-0.0009398609732655327,-0.001311171475687037,0.0013441545117808223,-0.1168891445531692,0.007052146026730535,0.01773564901540953,-0.020719470142711124,0.011465538292700585,0.09026776778389277,-0.28588164903008745,0.2370629642800826,1.0,-0.022112233012221517,0.03974333680620701,0.26077184641683177,-0.025888467565815358,0.040082600443694674,-0.01786814447336425,0.04738295351534021,-0.05644489009618668
alpha,0.025712759691948143,-0.021963438924761363,-0.0022006240179499206,-0.00010079267382094394,-0.02950095641814874,-0.0015870760415164433,-0.00305524277877893,0.001328989453428356,0.001172482004850467,0.02318000563616941,-0.0021248318254361406,0.004300180973218108,0.00675742459037975,5.718454790103181e-06,-0.018353891524013406,0.015620879381299907,-0.017156824730648116,-0.022112233012221517,1.0,-0.04406839425952208,0.18822058262118013,0.983812595826198,-0.8738057863734738,-0.31682473538910555,-0.0358003333937153,0.8031699834919132
delta,-0.035606421872257335,0.03947262633562468,-0.0002607537191933994,-0.001564589578255158,0.046947233488222904,0.005556792854144292,-0.002541693982419437,3.354503767814365e-05,0.0019948293811513497,-0.027896107082322548,-0.00036383845671227836,-0.0028257174389934724,-0.0034422354537928758,0.004416394355423459,0.01765111449381145,-0.006636571535990285,0.023707968569200245,0.03974333680620701,-0.04406839425952208,1.0,0.03035902471192138,0.054695029432027926,-0.046471786240285466,0.021827089219138104,0.017657261330871962,-0.011027266373786444
cx,-0.24051869232097667,0.11132168630102916,0.005709939292050874,0.01429191106374126,0.16091357855921837,-0.02534443195886495,0.0016044973756937245,0.014510892870145157,0.0026678968560344264,0.044050841780383806,-0.000573945073307055,0.009145647528104057,-0.044328857646197185,0.006030699869577489,-0.06843925937168366,-0.3793030432614738,0.2446259495972719,0.26077184641683177,0.18822058262118013,0.03035902471192138,1.0,0.18024313539812525,-0.16896415711824067,-0.0978300548355837,0.1728781846374324,0.04235786187764036
cy,0.03554782260464153,-0.027502928336778146,-0.0012321927063663116,0.05717958641386374,-0.02948137638335543,0.0011004076678631336,-0.0029616426802152244,0.05070917203397758,0.0016917266564413374,0.015736670866920273,-0.0022159381997451976,0.004206084034187214,0.007880381529266829,0.0018027424488662874,-0.014130922063383003,0.02558113956475526,-0.023777577080562613,-0.025888467565815358,0.983812595826198,0.054695029432027926,0.18024313539812525,1.0,-0.8898704203724286,-0.3048488223942504,-0.02920356176408506,0.8210025271462189
mz_ref,-0.046662582399112494,0.010419163505101497,0.003820705584891143,-0.017712754079660945,0.033637185884957975,-0.028135869096118097,0.0026289917474085584,-0.09106899953455573,-0.0348227398048488,-0.14287839636572197,0.0033863045651026337,0.001034800181891741,-0.01821175544691448,0.0016777799151490617,0.0938934325170445,-0.02140736899156228,0.007798348336343062,0.040082600443694674,-0.8738057863734738,-0.046471786240285466,-0.16896415711824067,-0.8898704203724286,1.0,0.36314479251025766,0.057537421654434276,-0.7228777698775305
mx_beta,0.020846833456042442,-0.08042630764511705,0.011008303181988272,-0.05784453719634889,-0.020136318197092582,-0.06433763261971259,0.013282447135899636,0.00591793709693739,-0.004288805647963269,-0.1600266196018233,-0.06044060102387384,-0.1381595781984922,-0.01285816674906076,0.19593728696297433,0.21515229005513523,0.053302688958568725,-0.04723514622959745,-0.01786814447336425,-0.31682473538910555,0.021827089219138104,-0.0978300548355837,-0.3048488223942504,0.36314479251025766,1.0,0.10524739190933688,-0.24341874812512573
my_beta,0.1193732287196579,0.02367414056463623,-0.014072520656380231,0.0003430808776827063,0.07721010621663545,-0.007073812203865268,-0.00455269444584674,-0.0010818190664680237,-0.2696565029744029,-0.18368892102368814,-0.08585471005384702,-0.25022879694102146,-0.05928453561544223,0.0002893294532269904,0.0261101096212007,-0.2722080967834563,0.00594357383753502,0.04738295351534021,-0.0358003333937153,0.017657261330871962,0.1728781846374324,-0.02920356176408506,0.057537421654434276,0.10524739190933688,1.0,-0.018928867444387182
K,0.06619500011290545,-0.044667015852335644,-0.0026057072759591996,0.044614477138829066,-0.05877422798211562,0.0010325924476249043,-0.0022443664773440937,0.025589068339913236,-0.00021223790999925498,-0.003958448374871074,-0.003428195067366591,0.003542718650742702,0.012786534438320523,-0.002580776563377956,-0.0019804354221455637,0.06538033071048985,-0.05934146905110849,-0.05644489009618668,0.8031699834919132,-0.011027266373786444,0.04235786187764036,0.8210025271462189,-0.7228777698775305,-0.24341874812512573,-0.018928867444387182,1.0
