,f_aspect,f_sweep,f_taper,f_twist,a_aspect,a_sweep,a_taper,a_twist,a_x_loc,a_S_rel,v_aspect,v_S_rel,scheme_fuse,scheme_vertical,a_dihedral_mag,S_ref,V,H,alpha,delta,cx,cy,mz_ref,mx_beta,my_beta,K
f_aspect,1.0,-0.22586143298538017,-0.001157034274181346,0.0008883517500510991,-0.30092393488253233,0.04151113722805428,-0.0015295196143816552,0.00044781042758765065,-0.0016879859611395596,-0.1820568525977369,0.0013728630879017382,-0.0013939024950961093,0.017628289920143415,-0.005594842994125832,0.019267483487344993,0.27251905567623547,-0.22111133176808137,-0.2613583352811434,0.012298403574933107,-0.022536896093891885,-0.28465156403250724,0.031017559633735564,-0.02843640833030767,0.019502953156542775,0.30483777154036296,0.07085956704727668
f_sweep,-0.22586143298538017,1.0,0.00042972400217944004,-0.0023907458031393177,0.2360187757936559,-0.051279797334734464,-0.0024555640852529353,-0.001557754229292492,0.003022300979027754,0.10001431370753561,-4.467011569345601e-05,-0.0032651221867862706,-0.011185861064256274,0.0076782190496972776,-0.019905890598311552,-0.1862175999603087,0.1606482763787039,0.21170147335564257,-0.00808301182540502,0.02486300171301261,0.11607348099912596,-0.020798991530533134,-0.039730074377870905,-0.11653958382847356,-0.04237389117571618,-0.04026606540961047
f_taper,-0.001157034274181346,0.00042972400217944004,1.0,0.0047448169797585345,0.0005740746876001806,-0.0054115648747986595,-0.0024121132150066917,-0.0032360570089238943,0.0009760777184177838,0.0007627564602458718,-0.0024730068567487104,0.0017307611011267304,3.426062419915643e-06,-5.230147776929031e-06,4.290179360286746e-05,-0.0005264479993680745,-0.001469175208265359,-0.0002872442628275025,-0.003988827342539299,-0.0003620902247954713,0.0074252104766152445,-0.003030549418729329,0.009059390934602484,0.017174213056188905,-0.021186574576006065,-0.0029805370253797457
f_twist,0.0008883517500510991,-0.0023907458031393177,0.0047448169797585345,1.0,-0.00016012241171383816,-0.00604508859974822,-0.002236801656535264,0.0005980179538575952,-0.005171140178269292,0.002401115312846315,0.001241685606450784,0.004466903923580655,-2.8771254826042516e-06,-3.0975674568261293e-06,-0.000996397497755101,9.308265732155652e-05,0.0009261272378195004,0.002547464121688722,-0.001918661362818132,-0.0008434129081293279,0.018451553127060906,0.07161198396230414,-0.04524310930011572,-0.08769372250658246,0.0014823838481150954,0.05839581886079093
a_aspect,-0.30092393488253233,0.2360187757936559,0.0005740746876001806,-0.00016012241171383816,1.0,-0.04421157406964099,-0.001383412399450656,0.001674342264525142,-0.0018881664950794706,0.1641438159106438,0.000929177172026311,-0.0030658912690378903,-0.01148840307399944,0.007829672836626164,-0.01898360959789831,-0.26839831309260664,0.2154463042314847,0.2671387301364547,-0.01302197107459345,0.03211281256937242,0.2023929008046679,-0.022783133509482422,0.00572902117508576,-0.020931315258904067,-0.09326353107632802,-0.061151396074836974
a_sweep,0.04151113722805428,-0.051279797334734464,-0.0054115648747986595,-0.00604508859974822,-0.04421157406964099,1.0,-0.0011218634871982438,0.00195704786714755,0.002036928249934511,-0.0011845468809691835,-0.0019528190393085841,0.003541261699532236,-0.001448800893033496,-0.0016872791641097723,0.0029862062799374776,0.03257824870496539,-0.0235119825965217,-0.045061486738301494,0.0027263596023985137,0.00038552823575174934,-0.026699857976310387,0.0030638898068547854,-0.0019241408482018076,0.00416331613362908,0.004510279779170202,0.004992240547730367
a_taper,-0.0015295196143816552,-0.0024555640852529353,-0.0024121132150066917,-0.002236801656535264,-0.001383412399450656,-0.0011218634871982438,1.0,0.0031329565367554713,-0.002072429848586298,-0.0003184253315248513,0.0010987608867124533,-0.0011532459377907249,2.6458979562013547e-06,-6.917677089912058e-07,0.0008144102547780631,-0.00153309931721759,0.0034976318758538475,-0.00014810053273791755,-0.0019035566640751213,-0.004324235742303237,0.0032868707079844834,-0.002862899646596451,0.003736819198101775,0.0015341598175951166,0.00951949965194254,-0.0014806515978005017
a_twist,0.00044781042758765065,-0.001557754229292492,-0.0032360570089238943,0.0005980179538575952,0.001674342264525142,0.00195704786714755,0.0031329565367554713,1.0,-0.0029776557823985306,0.0009043131626058058,0.0033458850936982673,-0.0014084778608625633,5.626131890236995e-06,-1.0261275714815896e-05,-0.0010777963198735684,0.0005277317031782504,-0.0032248310821689718,-0.0006447666626387685,0.002883722276114835,0.0019298188009561799,0.0038016563455393845,0.036246855498176266,-0.07442454185702393,0.0026789463219445814,-0.0007552866883968451,0.015248415326471376
a_x_loc,-0.0016879859611395596,0.003022300979027754,0.0009760777184177838,-0.005171140178269292,-0.0018881664950794706,0.002036928249934511,-0.002072429848586298,-0.0029776557823985306,1.0,-0.001827743921342894,-0.000919324557866185,-0.004659882924001634,-4.1796070415493815e-06,4.356891709470568e-06,-0.0002355368783810941,-0.002736678642388171,0.0027802870946902615,0.0014559988084383415,0.001304838400173922,0.0005236445320917489,0.003917472268953401,0.002300044597660863,0.0068054136478354265,-0.00594689850940511,-0.26219020687187766,-5.321321087559274e-05
a_S_rel,-0.1820568525977369,0.10001431370753561,0.0007627564602458718,0.002401115312846315,0.1641438159106438,-0.0011845468809691835,-0.0003184253315248513,0.0009043131626058058,-0.001827743921342894,1.0,-0.0006022897823015421,0.0013824133925250885,-0.04270673852899627,-0.009263766496135487,-0.007546298581863878,-0.31325605384464966,0.319391852311826,0.1751383738538266,-0.01714656604205765,0.011611227639608722,0.23203818219412511,-0.0447949077004349,0.03333285042073922,0.016524339790624884,-0.1853338263367927,-0.07569014076607694
v_aspect,0.0013728630879017382,-4.467011569345601e-05,-0.0024730068567487104,0.001241685606450784,0.000929177172026311,-0.0019528190393085841,0.0010987608867124533,0.0033458850936982673,-0.000919324557866185,-0.0006022897823015421,1.0,-0.0004044694439858638,3.421665187147441e-06,1.4106132155331694e-07,-4.290556264321988e-05,0.00018117530136596994,-0.00036535924986513644,-0.0015855646041776738,-0.0037439446560798492,-0.0018120160143527445,-0.000554128288532267,-0.004021847291170649,0.003171899165071346,-0.03169842482478516,-0.04242534983541149,-0.006270870899661374
v_S_rel,-0.0013939024950961093,-0.0032651221867862706,0.0017307611011267304,0.004466903923580655,-0.0030658912690378903,0.003541261699532236,-0.0011532459377907249,-0.0014084778608625633,-0.004659882924001634,0.0013824133925250885,-0.0004044694439858638,1.0,7.80878215384271e-06,4.836907884157671e-06,0.0003016669664771369,-0.0006057666594439118,0.0012950860881161786,-0.0005621491739339054,0.0015173434435405632,0.00027281137864964807,0.005115469916246582,0.0020018107073390768,-0.0019900818333812354,-0.07355331659356487,-0.1222444166162237,0.00040615923257014366
scheme_fuse,0.017628289920143415,-0.011185861064256274,3.426062419915643e-06,-2.8771254826042516e-06,-0.01148840307399944,-0.001448800893033496,2.6458979562013547e-06,5.626131890236995e-06,-4.1796070415493815e-06,-0.04270673852899627,3.421665187147441e-06,7.80878215384271e-06,1.0,-0.0321906091489622,0.04245768677832683,0.020829418533135576,-0.01632975591173481,0.011599154948268468,0.0002477856493401634,0.011986052567613205,-0.044535861190323274,0.0034679496308092166,-0.004324102575153742,0.006890441567273168,-0.052312093925031306,0.009229250317123511
scheme_vertical,-0.005594842994125832,0.0076782190496972776,-5.230147776929031e-06,-3.0975674568261293e-06,0.007829672836626164,-0.0016872791641097723,-6.917677089912058e-07,-1.0261275714815896e-05,4.356891709470568e-06,-0.009263766496135487,1.4106132155331694e-07,4.836907884157671e-06,-0.0321906091489622,1.0,-0.01720580783524113,-0.0033261747756026883,0.0023647203401251536,0.01661435929682184,-0.0006434995734855856,0.006507500926885041,0.007269255708248024,0.0016181672447855323,0.006475628576402145,0.2263895483308526,0.003069574165505692,-0.0034402854109209925
a_dihedral_mag,0.019267483487344993,-0.019905890598311552,4.290179360286746e-05,-0.000996397497755101,-0.01898360959789831,0.0029862062799374776,0.0008144102547780631,-0.0010777963198735684,-0.0002355368783810941,-0.007546298581863878,-4.290556264321988e-05,0.0003016669664771369,0.04245768677832683,-0.01720580783524113,1.0,0.018205110873657677,-0.0137056527270861,-0.021835850148015163,4.1635989531766406e-05,-0.003955742286770354,-0.1192721993864617,0.005332888991119524,-0.006627514781770413,0.16164492088018498,-0.10040649239884411,0.013035238583095526
S_ref,0.27251905567623547,-0.1862175999603087,-0.0005264479993680745,9.308265732155652e-05,-0.26839831309260664,0.03257824870496539,-0.00153309931721759,0.0005277317031782504,-0.002736678642388171,-0.31325605384464966,0.00018117530136596994,-0.0006057666594439118,0.020829418533135576,-0.0033261747756026883,0.018205110873657677,1.0,-0.3360007825277835,-0.3189813283004257,0.01201790609597198,-0.007268886769451793,-0.3725299029829891,0.02626172852690703,-0.013556791596342394,0.009184892726859812,-0.19272529654344256,0.07032962653746573
V,-0.22111133176808137,0.1606482763787039,-0.001469175208265359,0.0009261272378195004,0.2154463042314847,-0.0235119825965217,0.0034976318758538475,-0.0032248310821689718,0.0027802870946902615,0.319391852311826,-0.00036535924986513644,0.0012950860881161786,-0.01632975591173481,0.0023647203401251536,-0.0137056527270861,-0.3360007825277835,1.0,0.2869362469934738,-0.013247321808219942,0.018322731859761205,0.260614449302199,-0.024377047336365067,0.012328193127848339,-0.009121477001708438,-0.04854010032239044,-0.062344936553821555
H,-0.2613583352811434,0.21170147335564257,-0.0002872442628275025,0.002547464121688722,0.2671387301364547,-0.045061486738301494,-0.00014810053273791755,-0.0006447666626387685,0.0014559988084383415,0.1751383738538266,-0.0015855646041776738,-0.0005621491739339054,0.011599154948268468,0.01661435929682184,-0.021835850148015163,-0.3189813283004257,0.2869362469934738,1.0,-0.008295572275877242,0.02486647453717837,0.26698384952255894,-0.016748669364820827,0.002001420188307977,-0.023396357802795132,-0.025790339987055114,-0.052237002323912075
alpha,0.012298403574933107,-0.00808301182540502,-0.003988827342539299,-0.001918661362818132,-0.01302197107459345,0.0027263596023985137,-0.0019035566640751213,0.002883722276114835,0.001304838400173922,-0.01714656604205765,-0.0037439446560798492,0.0015173434435405632,0.0002477856493401634,-0.0006434995734855856,4.1635989531766406e-05,0.01201790609597198,-0.013247321808219942,-0.008295572275877242,1.0,-0.009269989676101655,0.16900273652168193,0.9824202451451086,-0.8953775235607974,-0.4296863082923959,-0.01756632943228204,0.7909388608943917
delta,-0.022536896093891885,0.02486300171301261,-0.0003620902247954713,-0.0008434129081293279,0.03211281256937242,0.00038552823575174934,-0.004324235742303237,0.0019298188009561799,0.0005236445320917489,0.011611227639608722,-0.0018120160143527445,0.00027281137864964807,0.011986052567613205,0.006507500926885041,-0.003955742286770354,-0.007268886769451793,0.018322731859761205,0.02486647453717837,-0.009269989676101655,1.0,0.0379828626843533,0.09346881887826376,-0.21913675095224905,0.0016159705899505751,-0.0075820132513229645,0.022694005496856916
cx,-0.28465156403250724,0.11607348099912596,0.0074252104766152445,0.018451553127060906,0.2023929008046679,-0.026699857976310387,0.0032868707079844834,0.0038016563455393845,0.003917472268953401,0.23203818219412511,-0.000554128288532267,0.005115469916246582,-0.044535861190323274,0.007269255708248024,-0.1192721993864617,-0.3725299029829891,0.260614449302199,0.26698384952255894,0.16900273652168193,0.0379828626843533,1.0,0.15659650408331519,-0.1425159475092975,-0.09250756787298343,0.12806027771444772,0.027432402355575484
cy,0.031017559633735564,-0.020798991530533134,-0.003030549418729329,0.07161198396230414,-0.022783133509482422,0.0030638898068547854,-0.002862899646596451,0.036246855498176266,0.002300044597660863,-0.0447949077004349,-0.004021847291170649,0.0020018107073390768,0.0034679496308092166,0.0016181672447855323,0.005332888991119524,0.02626172852690703,-0.024377047336365067,-0.016748669364820827,0.9824202451451086,0.09346881887826376,0.15659650408331519,1.0,-0.9181540359727441,-0.4177650820171747,-0.011496699431060233,0.8166222179841948
mz_ref,-0.02843640833030767,-0.039730074377870905,0.009059390934602484,-0.04524310930011572,0.00572902117508576,-0.0019241408482018076,0.003736819198101775,-0.07442454185702393,0.0068054136478354265,0.03333285042073922,0.003171899165071346,-0.0019900818333812354,-0.004324102575153742,0.006475628576402145,-0.006627514781770413,-0.013556791596342394,0.012328193127848339,0.002001420188307977,-0.8953775235607974,-0.21913675095224905,-0.1425159475092975,-0.9181540359727441,1.0,0.47686846126875193,0.004333130631772812,-0.7235339071650874
mx_beta,0.019502953156542775,-0.11653958382847356,0.017174213056188905,-0.08769372250658246,-0.020931315258904067,0.00416331613362908,0.0015341598175951166,0.0026789463219445814,-0.00594689850940511,0.016524339790624884,-0.03169842482478516,-0.07355331659356487,0.006890441567273168,0.2263895483308526,0.16164492088018498,0.009184892726859812,-0.009121477001708438,-0.023396357802795132,-0.4296863082923959,0.0016159705899505751,-0.09250756787298343,-0.4177650820171747,0.47686846126875193,1.0,0.04943283349740012,-0.3236760977764487
my_beta,0.30483777154036296,-0.04237389117571618,-0.021186574576006065,0.0014823838481150954,-0.09326353107632802,0.004510279779170202,0.00951949965194254,-0.0007552866883968451,-0.26219020687187766,-0.1853338263367927,-0.04242534983541149,-0.1222444166162237,-0.052312093925031306,0.003069574165505692,-0.10040649239884411,-0.19272529654344256,-0.04854010032239044,-0.025790339987055114,-0.01756632943228204,-0.0075820132513229645,0.12806027771444772,-0.011496699431060233,0.004333130631772812,0.04943283349740012,1.0,0.008709203487628086
K,0.07085956704727668,-0.04026606540961047,-0.0029805370253797457,0.05839581886079093,-0.061151396074836974,0.004992240547730367,-0.0014806515978005017,0.015248415326471376,-5.321321087559274e-05,-0.07569014076607694,-0.006270870899661374,0.00040615923257014366,0.009229250317123511,-0.0034402854109209925,0.013035238583095526,0.07032962653746573,-0.062344936553821555,-0.052237002323912075,0.7909388608943917,0.022694005496856916,0.027432402355575484,0.8166222179841948,-0.7235339071650874,-0.3236760977764487,0.008709203487628086,1.0
