,f_aspect,f_sweep,f_taper,f_twist,a_aspect,a_sweep,a_taper,a_twist,a_x_loc,a_S_rel,v_aspect,v_S_rel,scheme_fuse,scheme_vertical,a_dihedral_mag,S_ref,V,H,alpha,delta,cx,cy,mz_ref,mx_beta,my_beta,K
f_aspect,1.0,-0.31659650514418364,0.007419046295469517,-0.003338335886909928,-0.3787017354045097,0.09250467350348572,0.0016889539321754805,0.000690043244957001,-0.001803255804877743,0.22807634279193492,-0.02394280166791156,-0.046219616712494874,-0.007238456571243343,,-0.15137148981743692,0.10973036919961843,0.0070339297475091045,-0.2596523585560453,0.04371052693951034,-0.04911715921220102,-0.16875036080702466,0.037211678726451355,-0.042126419581621805,0.0917785553127725,-0.12552883429036366,0.05333178695755049
f_sweep,-0.31659650514418364,1.0,-0.0003546642874204879,0.001013951044800106,0.33501255998878027,-0.08881177811827788,-0.003959752561214787,-0.0020897651606215668,0.002153544811409595,-0.1698749505164559,0.025320556900990266,0.04375762774871931,-0.0008679199446052893,,0.09699487121854351,-0.049487920472935966,-0.020125327761755598,0.2361552216283583,-0.03991299655402136,0.054634235626380534,0.10838245761094263,-0.03229763329333267,0.03825747307452787,-0.06596019249733971,0.09439817306860826,-0.0494351038165664
f_taper,0.007419046295469517,-0.0003546642874204879,1.0,0.001093971688512824,0.001944925242077045,0.0009615653594148175,-0.0013530544348316204,0.0021380467522633976,0.0012127961522192775,0.0020145801726549712,0.0015588260972494304,0.005481962723678019,-4.110509420221054e-06,,-0.001137019613706613,0.0006600864585101101,0.0072370048205064675,0.0012831301711486126,0.0010080145572686292,-0.0001005880757863936,0.0028539830703921557,0.0019312970268450822,-0.0020167466657664995,-0.0032948380080338657,-0.004443643690515681,-0.0019121042841556703
f_twist,-0.003338335886909928,0.001013951044800106,0.001093971688512824,1.0,0.00114168151714233,-0.0011880145187403623,-0.005993273263872208,0.0009287377633472083,0.001258158756385982,0.005769708146095227,-0.003300086991561753,-0.000401164626119224,5.388885669504102e-06,,0.00423507975629719,0.0009141028948691381,-0.004782753493907144,0.0020483977863923913,0.0031726335102038082,-0.0027089111603627912,0.007366992341960827,0.03195200200189268,0.013114522849305778,0.010694662154439724,-0.0012464468205381713,0.01860637171923307
a_aspect,-0.3787017354045097,0.33501255998878027,0.001944925242077045,0.00114168151714233,1.0,-0.09046593319734815,0.0011399243393457297,0.0007029259315838481,-0.0022993398671017945,-0.2140577865122861,0.02783168760824018,0.05213975173721849,0.001519720440641598,,0.13387348124805415,-0.07944419339213825,-0.02543635613554647,0.2733799049954704,-0.051917803944915665,0.06201598126844624,0.09479058022087757,-0.033925922244368814,0.034551651082901126,-0.09583536826359788,0.3014262203802933,-0.05001103664089113
a_sweep,0.09250467350348572,-0.08881177811827788,0.0009615653594148175,-0.0011880145187403623,-0.09046593319734815,1.0,-0.0028937192337044498,0.000614936178939326,0.0003104049558360543,0.042536037407132354,-0.01239762360878274,-0.03154908128985197,-0.0011100438417458766,,-0.02675934810836375,-0.013701806624630521,0.026656375544053645,-0.0717237027233103,-0.013692771795994454,0.018591942172511366,-0.02467965968501689,-0.00601615605190765,-0.048833059232178073,-0.2360432603205561,-0.01306166695877252,-0.009249405270574771
a_taper,0.0016889539321754805,-0.003959752561214787,-0.0013530544348316204,-0.005993273263872208,0.0011399243393457297,-0.0028937192337044498,1.0,0.003970089409495401,0.0018822106991927148,-0.0024470561396410513,-0.0010442583196292297,0.002719920607726685,-1.822866658649546e-07,,0.0007009550367259806,-0.0021822382031530126,0.002179830843546355,-0.002591656500255523,-0.005144633360631889,0.000271224278248574,-0.001198778255309039,-0.0031459392774514875,0.0015040091873910187,0.045942586879315434,-0.024385635542587502,-0.0037315269524984865
a_twist,0.000690043244957001,-0.0020897651606215668,0.0021380467522633976,0.0009287377633472083,0.0007029259315838481,0.000614936178939326,0.003970089409495401,1.0,0.0010247190387317072,-0.001316641544781242,-0.0003593828812820118,-0.004206204114821826,1.0077961018172223e-06,,-0.0009145080973697638,0.002854760691335753,-0.0006597832243858598,-0.002729242548962583,-0.001463963749139429,-0.0029648656559322292,0.032368812053854626,0.07636262538761641,-0.11582267147503596,0.015276990506344559,-0.0015660463852013667,0.045677547080060964
a_x_loc,-0.001803255804877743,0.002153544811409595,0.0012127961522192775,0.001258158756385982,-0.0022993398671017945,0.0003104049558360543,0.0018822106991927148,0.0010247190387317072,1.0,0.0009909874295471117,-0.0034664602836053204,0.0046764178801094475,3.6555860549588733e-06,,7.301143663025812e-05,0.00251156831068269,0.002728526722190867,0.0011890727082642359,0.0009396918014153888,0.00432602810530854,0.0005865094508670486,0.0006255984051317318,-0.08513803611799946,-0.0006481614126881626,-0.2866928172382362,-0.0005195992413098451
a_S_rel,0.22807634279193492,-0.1698749505164559,0.0020145801726549712,0.005769708146095227,-0.2140577865122861,0.042536037407132354,-0.0024470561396410513,-0.001316641544781242,0.0009909874295471117,1.0,-0.006967988819653297,-0.012746670997799667,-0.009621901639708214,,-0.3536402718368064,0.35091127859157656,-0.1720805996225773,-0.2530951116369293,-0.011629590698049894,0.03404331134065642,-0.24252408903859562,0.006997925876963481,-0.021212213235057634,0.1538551898429628,-0.15614000712358103,0.018116834337898697
v_aspect,-0.02394280166791156,0.025320556900990266,0.0015588260972494304,-0.003300086991561753,0.02783168760824018,-0.01239762360878274,-0.0010442583196292297,-0.0003593828812820118,-0.0034664602836053204,-0.006967988819653297,1.0,0.013007204024269222,-0.0023025907172876782,,-0.004197061909419524,0.027038222546724413,-0.019629765879813573,0.015348214070545225,0.0028166998057227006,-0.00023921459406882377,0.000297575700688723,0.0028298433620090823,-0.0038409521392607474,-0.16214921461495266,-0.15667615334730395,0.003218755477380224
v_S_rel,-0.046219616712494874,0.04375762774871931,0.005481962723678019,-0.000401164626119224,0.05213975173721849,-0.03154908128985197,0.002719920607726685,-0.004206204114821826,0.0046764178801094475,-0.012746670997799667,0.013007204024269222,1.0,-0.004656677355671798,,-0.0062190724538318245,0.042792695640209495,-0.03744845636309326,0.036882665921751455,0.013511102134261843,-0.012399745457331234,0.017961547416949587,0.01190002181778587,-0.010876172718750627,-0.365775225592577,-0.4563445254095045,0.01204267491728486
scheme_fuse,-0.007238456571243343,-0.0008679199446052893,-4.110509420221054e-06,5.388885669504102e-06,0.001519720440641598,-0.0011100438417458766,-1.822866658649546e-07,1.0077961018172223e-06,3.6555860549588733e-06,-0.009621901639708214,-0.0023025907172876782,-0.004656677355671798,1.0,,0.007549326546439718,-0.014521412363406554,-0.009340388794747715,-0.056285985695137195,0.012324264852644137,-0.021387759957256447,-0.047388446307416045,0.009906580765271816,-0.010070793094650584,-0.0135186626999598,-0.05001776564175202,0.016309322834580094
scheme_vertical,,,,,,,,,,,,,,,,,,,,,,,,,,
a_dihedral_mag,-0.15137148981743692,0.09699487121854351,-0.001137019613706613,0.00423507975629719,0.13387348124805415,-0.02675934810836375,0.0007009550367259806,-0.0009145080973697638,7.301143663025812e-05,-0.3536402718368064,-0.004197061909419524,-0.0062190724538318245,0.007549326546439718,,1.0,-0.46170545665097873,0.26460202978911934,0.25171208680472146,0.030786543793855144,-0.07353633266383881,0.2754078419431862,0.01939179021700834,-0.025009032986793356,-0.4656032046352098,0.15601613875522302,0.004372306169698447
S_ref,0.10973036919961843,-0.049487920472935966,0.0006600864585101101,0.0009141028948691381,-0.07944419339213825,-0.013701806624630521,-0.0021822382031530126,0.002854760691335753,0.00251156831068269,0.35091127859157656,0.027038222546724413,0.042792695640209495,-0.014521412363406554,,-0.46170545665097873,1.0,-0.39240858905302356,-0.22607671056329176,0.020350074360338484,-0.0036662249478662226,-0.3917724599619402,0.022885338287637193,-0.024679144510996488,0.18989497132199942,-0.38304809970534115,0.05575382607923154
V,0.0070339297475091045,-0.020125327761755598,0.0072370048205064675,-0.004782753493907144,-0.02543635613554647,0.026656375544053645,0.002179830843546355,-0.0006597832243858598,0.002728526722190867,-0.1720805996225773,-0.019629765879813573,-0.03744845636309326,-0.009340388794747715,,0.26460202978911934,-0.39240858905302356,1.0,0.16461762742075375,-0.03252192843772761,0.041961246409678896,0.21332624323389354,-0.029111133932905472,0.029510944082549596,-0.11352441223593482,0.11818633496089893,-0.056908891279396
H,-0.2596523585560453,0.2361552216283583,0.0012831301711486126,0.0020483977863923913,0.2733799049954704,-0.0717237027233103,-0.002591656500255523,-0.002729242548962583,0.0011890727082642359,-0.2530951116369293,0.015348214070545225,0.036882665921751455,-0.056285985695137195,,0.25171208680472146,-0.22607671056329176,0.16461762742075375,1.0,-0.037748100717404684,0.05299392716332619,0.26821463590375466,-0.03217193178173825,0.03739645482407112,-0.13668272645328597,0.1274858417947957,-0.05966002443734337
alpha,0.04371052693951034,-0.03991299655402136,0.0010080145572686292,0.0031726335102038082,-0.051917803944915665,-0.013692771795994454,-0.005144633360631889,-0.001463963749139429,0.0009396918014153888,-0.011629590698049894,0.0028166998057227006,0.013511102134261843,0.012324264852644137,,0.030786543793855144,0.020350074360338484,-0.03252192843772761,-0.037748100717404684,1.0,-0.1018870095094396,0.22300266609277725,0.9866519563710329,-0.9101231873834699,-0.006908920035973245,-0.05515898674411733,0.8302513279991564
delta,-0.04911715921220102,0.054634235626380534,-0.0001005880757863936,-0.0027089111603627912,0.06201598126844624,0.018591942172511366,0.000271224278248574,-0.0029648656559322292,0.00432602810530854,0.03404331134065642,-0.00023921459406882377,-0.012399745457331234,-0.021387759957256447,,-0.07353633266383881,-0.0036662249478662226,0.041961246409678896,0.05299392716332619,-0.1018870095094396,1.0,0.019754227432362076,-0.008145443225351174,0.13156969720826298,0.0469011303062342,0.040847399397846325,-0.0722035183166844
cx,-0.16875036080702466,0.10838245761094263,0.0028539830703921557,0.007366992341960827,0.09479058022087757,-0.02467965968501689,-0.001198778255309039,0.032368812053854626,0.0005865094508670486,-0.24252408903859562,0.000297575700688723,0.017961547416949587,-0.047388446307416045,,0.2754078419431862,-0.3917724599619402,0.21332624323389354,0.26821463590375466,0.22300266609277725,0.019754227432362076,1.0,0.2221522209821112,-0.20581942462564376,-0.11460352514231702,0.2469763584297172,0.07125446338164534
cy,0.037211678726451355,-0.03229763329333267,0.0019312970268450822,0.03195200200189268,-0.033925922244368814,-0.00601615605190765,-0.0031459392774514875,0.07636262538761641,0.0006255984051317318,0.006997925876963481,0.0028298433620090823,0.01190002181778587,0.009906580765271816,,0.01939179021700834,0.022885338287637193,-0.029111133932905472,-0.03217193178173825,0.9866519563710329,-0.008145443225351174,0.2221522209821112,1.0,-0.9150855958213893,-0.003869415351288898,-0.04766663544642418,0.8320613265689927
mz_ref,-0.042126419581621805,0.03825747307452787,-0.0020167466657664995,0.013114522849305778,0.034551651082901126,-0.048833059232178073,0.0015040091873910187,-0.11582267147503596,-0.08513803611799946,-0.021212213235057634,-0.0038409521392607474,-0.010876172718750627,-0.010070793094650584,,-0.025009032986793356,-0.024679144510996488,0.029510944082549596,0.03739645482407112,-0.9101231873834699,0.13156969720826298,-0.20581942462564376,-0.9150855958213893,1.0,0.16519538016568353,0.07300025372090561,-0.7924870112340262
mx_beta,0.0917785553127725,-0.06596019249733971,-0.0032948380080338657,0.010694662154439724,-0.09583536826359788,-0.2360432603205561,0.045942586879315434,0.015276990506344559,-0.0006481614126881626,0.1538551898429628,-0.16214921461495266,-0.365775225592577,-0.0135186626999598,,-0.4656032046352098,0.18989497132199942,-0.11352441223593482,-0.13668272645328597,-0.006908920035973245,0.0469011303062342,-0.11460352514231702,-0.003869415351288898,0.16519538016568353,1.0,0.1697691407774493,-0.01108310825696388
my_beta,-0.12552883429036366,0.09439817306860826,-0.004443643690515681,-0.0012464468205381713,0.3014262203802933,-0.01306166695877252,-0.024385635542587502,-0.0015660463852013667,-0.2866928172382362,-0.15614000712358103,-0.15667615334730395,-0.4563445254095045,-0.05001776564175202,,0.15601613875522302,-0.38304809970534115,0.11818633496089893,0.1274858417947957,-0.05515898674411733,0.040847399397846325,0.2469763584297172,-0.04766663544642418,0.07300025372090561,0.1697691407774493,1.0,-0.05987134157993797
K,0.05333178695755049,-0.0494351038165664,-0.0019121042841556703,0.01860637171923307,-0.05001103664089113,-0.009249405270574771,-0.0037315269524984865,0.045677547080060964,-0.0005195992413098451,0.018116834337898697,0.003218755477380224,0.01204267491728486,0.016309322834580094,,0.004372306169698447,0.05575382607923154,-0.056908891279396,-0.05966002443734337,0.8302513279991564,-0.0722035183166844,0.07125446338164534,0.8320613265689927,-0.7924870112340262,-0.01108310825696388,-0.05987134157993797,1.0
